tsi1_15_budget_05_D1_md025_US2_USpar10	tsi1_15_budget_05	17	15	500	4	0.250000	0.000000	0.000000	0.000000	0.000000	0.004000	0.077000	0.081000	0	0	0	0	0.000000	0.000000	0	0	2	0.100000	170.000000
tsi1_15_budget_05_D1_md025_US2_USpar5	tsi1_15_budget_05	17	15	500	4	0.250000	0.000000	0.000000	0.000000	0.000000	0.003000	0.123000	0.126000	0	0	0	0	0.000000	0.000000	0	0	2	0.050000	170.000000
tsi1_15_budget_05_D1_md050_US2_USpar10	tsi1_15_budget_05	17	15	500	8	0.500000	0.000000	0.000000	0.000000	0.000000	0.003000	0.063000	0.066000	0	0	0	0	0.000000	0.000000	0	0	2	0.100000	170.000000
tsi1_15_budget_05_D1_md075_US2_USpar10	tsi1_15_budget_05	17	15	500	12	0.750000	0.000000	0.000000	0.000000	0.000000	0.003000	0.078000	0.081000	0	0	0	0	0.000000	0.000000	0	0	2	0.100000	170.000000
tsi1_15_budget_10_D1_md025_US2_USpar10	tsi1_15_budget_10	17	15	1000	4	0.250000	0.000000	0.000000	0.000000	0.000000	0.003000	0.078000	0.081000	0	0	0	0	0.000000	0.000000	0	0	2	0.100000	170.000000
tsi1_15_budget_10_D1_md025_US2_USpar5	tsi1_15_budget_10	17	15	1000	4	0.250000	0.000000	0.000000	0.000000	0.000000	0.003000	0.108000	0.111000	0	0	0	0	0.000000	0.000000	0	0	2	0.050000	170.000000
tsi1_15_budget_10_D1_md050_US2_USpar10	tsi1_15_budget_10	17	15	1000	8	0.500000	0.000000	0.000000	0.000000	0.000000	0.003000	0.057000	0.060000	0	0	0	0	0.000000	0.000000	0	0	2	0.100000	170.000000
tsi1_15_budget_10_D1_md075_US2_USpar10	tsi1_15_budget_10	17	15	1000	12	0.750000	0.000000	0.000000	0.000000	0.000000	0.004000	0.081000	0.085000	0	0	0	0	0.000000	0.000000	0	0	2	0.100000	170.000000
tsi1_15_budget_15_D1_md025_US2_USpar10	tsi1_15_budget_15	17	15	1500	4	0.250000	-0.020000	-0.020000	0.000000	0.000000	2.315000	0.145000	2.460000	439	0	277	4	-0.020000	0.000000	6	6	2	0.100000	170.000000
tsi1_15_budget_15_D1_md025_US2_USpar5	tsi1_15_budget_15	17	15	1500	4	0.250000	0.000000	0.000000	0.000000	0.000000	0.005000	0.143000	0.148000	0	0	0	0	0.000000	0.000000	0	0	2	0.050000	170.000000
tsi1_15_budget_15_D1_md050_US2_USpar10	tsi1_15_budget_15	17	15	1500	8	0.500000	-0.033333	-0.033333	0.000000	0.000000	0.106000	0.093000	0.199000	41	0	0	8	-0.033333	0.000000	6	6	2	0.100000	170.000000
tsi1_15_budget_15_D1_md075_US2_USpar10	tsi1_15_budget_15	17	15	1500	12	0.750000	-0.033333	-0.033333	0.000000	0.000000	0.151000	0.148000	0.299000	37	0	0	8	-0.033333	0.000000	6	6	2	0.100000	170.000000
tsi1_15_budget_20_D1_md025_US2_USpar10	tsi1_15_budget_20	17	15	2000	4	0.250000	-0.066667	-0.066667	0.000000	0.000000	26.521000	0.939000	27.460000	958	0	726	4	-0.066667	0.000000	8	8	2	0.100000	170.000000
tsi1_15_budget_20_D1_md025_US2_USpar5	tsi1_15_budget_20	17	15	2000	4	0.250000	0.000000	0.000000	0.000000	0.000000	0.010000	0.235000	0.245000	0	0	0	0	0.000000	0.000000	0	0	2	0.050000	170.000000
tsi1_15_budget_20_D1_md050_US2_USpar10	tsi1_15_budget_20	17	15	2000	8	0.500000	-0.125000	-0.125000	0.000000	0.000000	1.172000	0.714000	1.886000	60	0	6	8	-0.125000	0.000000	8	6	2	0.100000	170.000000
tsi1_15_budget_20_D1_md075_US2_USpar10	tsi1_15_budget_20	17	15	2000	12	0.750000	-0.125000	-0.125000	0.000000	0.000000	1.228000	0.930000	2.158000	47	0	0	12	-0.125000	0.000000	8	5	2	0.100000	170.000000
tsi1_15_budget_25_D1_md025_US2_USpar10	tsi1_15_budget_25	17	15	2500	4	0.250000	-0.150000	-0.150000	0.000000	0.000000	112.773000	4.404000	117.177000	1037	0	827	4	-0.150000	0.000000	20	16	2	0.100000	170.000000
tsi1_15_budget_25_D1_md025_US2_USpar5	tsi1_15_budget_25	17	15	2500	4	0.250000	0.000000	0.000000	0.000000	0.000000	0.002000	0.209000	0.211000	0	0	0	0	0.000000	0.000000	0	0	2	0.050000	170.000000
tsi1_15_budget_25_D1_md050_US2_USpar10	tsi1_15_budget_25	17	15	2500	8	0.500000	-0.200000	-0.200000	0.000000	0.000000	84.145000	2.882000	87.027000	1378	0	745	8	-0.200000	0.000000	22	15	2	0.100000	170.000000
tsi1_15_budget_25_D1_md075_US2_USpar10	tsi1_15_budget_25	17	15	2500	12	0.750000	-0.225000	-0.225000	0.000000	0.000000	5.764000	4.112000	9.876000	64	0	3	12	-0.225000	0.000000	17	11	2	0.100000	170.000000
tsi1_15_budget_30_D1_md025_US2_USpar10	tsi1_15_budget_30	17	15	3000	4	0.250000	-0.250000	-0.250000	0.000000	0.000000	76.537000	6.614000	83.151000	450	0	334	4	-0.250000	0.000000	61	40	2	0.100000	170.000000
tsi1_15_budget_30_D1_md025_US2_USpar5	tsi1_15_budget_30	17	15	3000	4	0.250000	0.000000	0.000000	0.000000	0.000000	0.004000	0.277000	0.281000	0	0	0	0	0.000000	0.000000	0	0	2	0.050000	170.000000
tsi1_15_budget_30_D1_md050_US2_USpar10	tsi1_15_budget_30	17	15	3000	8	0.500000	-0.300000	-0.300000	0.000000	0.000000	24.646000	4.353000	28.999000	240	0	86	8	-0.300000	0.000000	46	27	2	0.100000	170.000000
tsi1_15_budget_30_D1_md075_US2_USpar10	tsi1_15_budget_30	17	15	3000	12	0.750000	-0.300000	-0.300000	0.000000	0.000000	3.912000	6.378000	10.290000	31	0	0	9	-0.300000	0.000000	23	20	2	0.100000	170.000000
tsi1_15_budget_35_D1_md025_US2_USpar10	tsi1_15_budget_35	17	15	3500	4	0.250000	-0.300000	-0.300000	0.000000	0.000000	159.722000	5.592000	165.314000	808	0	632	4	-0.300000	0.000000	90	73	2	0.100000	170.000000
tsi1_15_budget_35_D1_md025_US2_USpar5	tsi1_15_budget_35	17	15	3500	4	0.250000	0.000000	0.000000	0.000000	0.000000	0.003000	0.193000	0.196000	0	0	0	0	0.000000	0.000000	0	0	2	0.050000	170.000000
tsi1_15_budget_35_D1_md050_US2_USpar10	tsi1_15_budget_35	17	15	3500	8	0.500000	-0.400000	-0.400000	0.000000	0.000000	2.328000	3.805000	6.133000	23	0	0	8	-0.400000	0.000000	27	13	2	0.100000	170.000000
tsi1_15_budget_35_D1_md075_US2_USpar10	tsi1_15_budget_35	17	15	3500	12	0.750000	-0.400000	-0.400000	0.000000	0.000000	3.408000	5.324000	8.732000	23	0	0	8	-0.400000	0.000000	27	13	2	0.100000	170.000000
tsi1_15_budget_40_D1_md025_US2_USpar10	tsi1_15_budget_40	17	15	4000	4	0.250000	-0.350000	-0.350000	0.000000	0.000000	344.407000	6.791000	351.198000	1641	0	1555	4	-0.350000	0.000000	140	76	2	0.100000	170.000000
tsi1_15_budget_40_D1_md050_US2_USpar10	tsi1_15_budget_40	17	15	4000	8	0.500000	-0.500000	-0.500000	0.000000	0.000000	7.504000	4.586000	12.090000	83	0	0	8	-0.500000	0.000000	50	27	2	0.100000	170.000000
tsi1_15_budget_40_D1_md075_US2_USpar10	tsi1_15_budget_40	17	15	4000	12	0.750000	-0.500000	-0.500000	0.000000	0.000000	7.525000	6.536000	14.061000	59	0	0	12	-0.500000	0.000000	45	10	2	0.100000	170.000000
tsi1_15_budget_45_D1_md025_US2_USpar10	tsi1_15_budget_45	17	15	4500	4	0.250000	-0.400000	-0.400000	0.000000	0.000000	408.959000	5.662000	414.621000	1659	0	1505	3	-0.400000	0.000000	160	19	2	0.100000	170.000000
tsi1_15_budget_45_D1_md050_US2_USpar10	tsi1_15_budget_45	17	15	4500	8	0.500000	-0.550000	-0.550000	0.000000	0.000000	124.788000	3.877000	128.665000	952	0	588	8	-0.550000	0.000000	163	53	2	0.100000	170.000000
tsi1_15_budget_45_D1_md075_US2_USpar10	tsi1_15_budget_45	17	15	4500	12	0.750000	-0.550000	-0.550000	0.000000	0.000000	8.614000	5.588000	14.202000	62	0	0	12	-0.550000	0.000000	30	17	2	0.100000	170.000000
tsi1_15_budget_50_D1_md025_US2_USpar10	tsi1_15_budget_50	17	15	5000	4	0.250000	-0.500000	-0.500000	0.000000	0.000000	401.552000	8.925000	410.477000	1302	0	1099	3	-0.500000	0.000000	187	43	2	0.100000	170.000000
tsi1_15_budget_50_D1_md050_US2_USpar10	tsi1_15_budget_50	17	15	5000	8	0.500000	-0.600000	-0.600000	0.000000	0.000000	251.762000	6.166000	257.928000	1272	0	791	8	-0.600000	0.000000	265	58	2	0.100000	170.000000
tsi1_15_budget_50_D1_md075_US2_USpar10	tsi1_15_budget_50	17	15	5000	12	0.750000	-0.633333	-0.633333	0.000000	0.000000	14.306000	8.725000	23.031000	67	0	0	12	-0.633333	0.000000	66	26	2	0.100000	170.000000
tsi1_15_budget_55_D1_md025_US2_USpar10	tsi1_15_budget_55	17	15	5500	4	0.250000	-0.700000	-0.700000	0.000000	0.000000	46.679000	6.193000	52.872000	281	0	136	2	-0.700000	0.000000	83	22	2	0.100000	170.000000
tsi1_15_budget_55_D1_md050_US2_USpar10	tsi1_15_budget_55	17	15	5500	8	0.500000	-0.700000	-0.700000	0.000000	0.000000	189.200000	4.046000	193.246000	1752	0	811	8	-0.700000	0.000000	188	79	2	0.100000	170.000000
tsi1_15_budget_55_D1_md075_US2_USpar10	tsi1_15_budget_55	17	15	5500	12	0.750000	-0.725000	-0.725000	0.000000	0.000000	66.064000	5.838000	71.902000	719	0	0	12	-0.725000	0.000000	41	15	2	0.100000	170.000000
tsi1_15_budget_60_D1_md025_US2_USpar10	tsi1_15_budget_60	17	15	6000	4	0.250000	-0.800000	-0.800000	0.000000	0.000000	55.112000	6.287000	61.399000	365	0	167	2	-0.800000	0.000000	75	23	2	0.100000	170.000000
tsi1_15_budget_60_D1_md050_US2_USpar10	tsi1_15_budget_60	17	15	6000	8	0.500000	-0.800000	-0.800000	0.000000	0.000000	213.866000	4.063000	217.929000	1921	0	1178	8	-0.800000	0.000000	119	45	2	0.100000	170.000000
tsi1_15_budget_60_D1_md075_US2_USpar10	tsi1_15_budget_60	17	15	6000	12	0.750000	-0.823077	-0.823077	0.000000	0.000000	19.994000	5.927000	25.921000	124	0	27	12	-0.823077	0.000000	80	27	2	0.100000	170.000000
tsi1_15_budget_65_D1_md025_US2_USpar10	tsi1_15_budget_65	17	15	6500	4	0.250000	-0.900000	-0.900000	0.000000	0.000000	15.243000	2.317000	17.560000	319	0	167	2	-0.900000	0.000000	53	35	2	0.100000	170.000000
tsi1_15_budget_65_D1_md050_US2_USpar10	tsi1_15_budget_65	17	15	6500	8	0.500000	-0.900000	-0.900000	0.000000	0.000000	34.890000	1.440000	36.330000	1215	0	712	8	-0.900000	0.000000	53	37	2	0.100000	170.000000
tsi1_15_budget_65_D1_md075_US2_USpar10	tsi1_15_budget_65	17	15	6500	12	0.750000	-0.916667	-0.916667	0.000000	0.000000	2.634000	2.165000	4.799000	76	0	3	12	-0.916667	0.000000	53	21	2	0.100000	170.000000
tsi1_15_budget_70_D1_md025_US2_USpar10	tsi1_15_budget_70	17	15	7000	4	0.250000	-1.000000	-1.000000	0.000000	0.000000	0.005000	0.652000	0.657000	0	0	0	0	-1.000000	0.000000	27	4	2	0.100000	170.000000
tsi1_15_budget_70_D1_md050_US2_USpar10	tsi1_15_budget_70	17	15	7000	8	0.500000	-1.000000	-1.000000	0.000000	0.000000	0.001000	0.382000	0.383000	0	0	0	0	-1.000000	0.000000	27	4	2	0.100000	170.000000
tsi1_15_budget_70_D1_md075_US2_USpar10	tsi1_15_budget_70	17	15	7000	12	0.750000	-1.000000	-1.000000	0.000000	0.000000	0.002000	0.648000	0.650000	0	0	0	0	-1.000000	0.000000	27	4	2	0.100000	170.000000
tsi2_10_budget_15_D1_md025_US2_USpar20	tsi2_10_budget_15	12	10	1500	3	0.250000	-0.066667	-0.066667	0.000000	0.000000	3.916000	0.441000	4.357000	230	0	150	3	-0.066667	0.000000	6	6	2	0.200000	265.000000
tsi2_10_budget_15_D1_md050_US2_USpar20	tsi2_10_budget_15	12	10	1500	5	0.500000	-0.150000	-0.150000	0.000000	0.000000	2.383000	0.317000	2.700000	187	0	126	5	-0.150000	0.000000	6	6	2	0.200000	265.000000
tsi2_10_budget_15_D1_md075_US2_USpar20	tsi2_10_budget_15	12	10	1500	8	0.750000	-0.200000	-0.200000	0.000000	0.000000	0.537000	0.462000	0.999000	28	0	0	8	-0.200000	0.000000	6	5	2	0.200000	265.000000
tsi2_10_budget_20_D1_md025_US2_USpar20	tsi2_10_budget_20	12	10	2000	3	0.250000	-0.300000	-0.300000	0.000000	0.000000	2.421000	0.883000	3.304000	82	0	31	3	-0.300000	0.000000	12	6	2	0.200000	265.000000
tsi2_10_budget_20_D1_md050_US2_USpar20	tsi2_10_budget_20	12	10	2000	5	0.500000	-0.333333	-0.333333	0.000000	0.000000	2.339000	0.585000	2.924000	124	0	49	5	-0.333333	0.000000	12	6	2	0.200000	265.000000
tsi2_10_budget_20_D1_md075_US2_USpar20	tsi2_10_budget_20	12	10	2000	8	0.750000	-0.333333	-0.333333	0.000000	0.000000	0.890000	0.855000	1.745000	31	0	0	8	-0.333333	0.000000	12	9	2	0.200000	265.000000
tsi2_10_budget_23_D1_md025_US2_USpar20	tsi2_10_budget_23	12	10	2300	3	0.250000	-0.400000	-0.400000	0.000000	0.000000	2.880000	1.173000	4.053000	69	0	33	3	-0.400000	0.000000	22	12	2	0.200000	265.000000
tsi2_10_budget_23_D1_md050_US2_USpar20	tsi2_10_budget_23	12	10	2300	5	0.500000	-0.400000	-0.400000	0.000000	0.000000	1.326000	0.889000	2.215000	45	0	0	5	-0.400000	0.000000	20	9	2	0.200000	265.000000
tsi2_10_budget_23_D1_md075_US2_USpar20	tsi2_10_budget_23	12	10	2300	8	0.750000	-0.400000	-0.400000	0.000000	0.000000	1.155000	1.196000	2.351000	32	0	0	6	-0.400000	0.000000	13	10	2	0.200000	265.000000
tsi2_10_budget_25_D1_md025_US2_USpar20	tsi2_10_budget_25	12	10	2500	3	0.250000	-0.400000	-0.400000	0.000000	0.000000	4.123000	1.451000	5.574000	89	0	31	3	-0.400000	0.000000	28	19	2	0.200000	265.000000
tsi2_10_budget_25_D1_md050_US2_USpar20	tsi2_10_budget_25	12	10	2500	5	0.500000	-0.500000	-0.500000	0.000000	0.000000	3.267000	1.031000	4.298000	101	0	41	5	-0.500000	0.000000	31	10	2	0.200000	265.000000
tsi2_10_budget_25_D1_md075_US2_USpar20	tsi2_10_budget_25	12	10	2500	8	0.750000	-0.500000	-0.500000	0.000000	0.000000	0.770000	1.404000	2.174000	19	0	0	6	-0.500000	0.000000	24	14	2	0.200000	265.000000
tsi2_10_budget_27_D1_md025_US2_USpar20	tsi2_10_budget_27	12	10	2700	3	0.250000	-0.500000	-0.500000	0.000000	0.000000	2.669000	1.536000	4.205000	74	0	26	3	-0.500000	0.000000	24	11	2	0.200000	265.000000
tsi2_10_budget_27_D1_md050_US2_USpar20	tsi2_10_budget_27	12	10	2700	5	0.500000	-0.500000	-0.500000	0.000000	0.000000	2.037000	1.187000	3.224000	62	0	20	5	-0.500000	0.000000	26	12	2	0.200000	265.000000
tsi2_10_budget_27_D1_md075_US2_USpar20	tsi2_10_budget_27	12	10	2700	8	0.750000	-0.500000	-0.500000	0.000000	0.000000	0.689000	1.406000	2.095000	21	0	0	6	-0.500000	0.000000	21	11	2	0.200000	265.000000
tsi2_10_budget_30_D1_md025_US2_USpar20	tsi2_10_budget_30	12	10	3000	3	0.250000	-0.500000	-0.500000	0.000000	0.000000	7.895000	1.333000	9.228000	131	0	75	3	-0.500000	0.000000	27	20	2	0.200000	265.000000
tsi2_10_budget_30_D1_md050_US2_USpar20	tsi2_10_budget_30	12	10	3000	5	0.500000	-0.600000	-0.600000	0.000000	0.000000	2.487000	0.967000	3.454000	69	0	16	5	-0.600000	0.000000	31	16	2	0.200000	265.000000
tsi2_10_budget_30_D1_md075_US2_USpar20	tsi2_10_budget_30	12	10	3000	8	0.750000	-0.600000	-0.600000	0.000000	0.000000	1.219000	1.211000	2.430000	26	0	0	8	-0.600000	0.000000	20	10	2	0.200000	265.000000
tsi2_10_budget_32_D1_md025_US2_USpar20	tsi2_10_budget_32	12	10	3200	3	0.250000	-0.600000	-0.600000	0.000000	0.000000	4.472000	1.427000	5.899000	108	0	65	2	-0.600000	0.000000	20	9	2	0.200000	265.000000
tsi2_10_budget_32_D1_md050_US2_USpar20	tsi2_10_budget_32	12	10	3200	5	0.500000	-0.666667	-0.666667	0.000000	0.000000	1.534000	0.907000	2.441000	61	0	0	5	-0.666667	0.000000	19	12	2	0.200000	265.000000
tsi2_10_budget_32_D1_md075_US2_USpar20	tsi2_10_budget_32	12	10	3200	8	0.750000	-0.666667	-0.666667	0.000000	0.000000	3.451000	1.211000	4.662000	97	0	0	8	-0.666667	0.000000	20	10	2	0.200000	265.000000
tsi2_10_budget_35_D1_md025_US2_USpar20	tsi2_10_budget_35	12	10	3500	3	0.250000	-0.600000	-0.600000	0.000000	0.000000	9.361000	2.366000	11.727000	122	0	75	2	-0.600000	0.000000	37	21	2	0.200000	265.000000
tsi2_10_budget_35_D1_md050_US2_USpar20	tsi2_10_budget_35	12	10	3500	5	0.500000	-0.700000	-0.700000	0.000000	0.000000	8.162000	1.509000	9.671000	174	0	61	5	-0.700000	0.000000	37	13	2	0.200000	265.000000
tsi2_10_budget_35_D1_md075_US2_USpar20	tsi2_10_budget_35	12	10	3500	8	0.750000	-0.714286	-0.714286	0.000000	0.000000	2.240000	2.054000	4.294000	35	0	2	8	-0.714286	0.000000	31	13	2	0.200000	265.000000
tsi2_10_budget_38_D1_md025_US2_USpar20	tsi2_10_budget_38	12	10	3800	3	0.250000	-1.000000	-1.000000	0.000000	0.000000	0.002000	0.341000	0.343000	0	0	0	0	-1.000000	0.000000	29	7	2	0.200000	265.000000
tsi2_10_budget_38_D1_md050_US2_USpar20	tsi2_10_budget_38	12	10	3800	5	0.500000	-1.000000	-1.000000	0.000000	0.000000	0.001000	0.235000	0.236000	0	0	0	0	-1.000000	0.000000	29	7	2	0.200000	265.000000
tsi2_10_budget_38_D1_md075_US2_USpar20	tsi2_10_budget_38	12	10	3800	8	0.750000	-1.000000	-1.000000	0.000000	0.000000	0.002000	0.352000	0.354000	0	0	0	0	-1.000000	0.000000	29	7	2	0.200000	265.000000
tsi3_16_budget_015_D1_md025_US2_USpar10	tsi3_16_budget_015	18	16	1500	4	0.250000	0.000000	0.000000	0.000000	0.000000	0.002000	0.100000	0.102000	0	0	0	0	0.000000	0.000000	3	3	2	0.100000	550.000000
tsi3_16_budget_015_D1_md050_US2_USpar10	tsi3_16_budget_015	18	16	1500	8	0.500000	0.000000	0.000000	0.000000	0.000000	0.001000	0.055000	0.056000	0	0	0	0	0.000000	0.000000	3	3	2	0.100000	550.000000
tsi3_16_budget_015_D1_md075_US2_USpar10	tsi3_16_budget_015	18	16	1500	12	0.750000	0.000000	0.000000	0.000000	0.000000	0.001000	0.092000	0.093000	0	0	0	0	0.000000	0.000000	3	3	2	0.100000	550.000000
tsi3_16_budget_020_D1_md025_US2_USpar10	tsi3_16_budget_020	18	16	2000	4	0.250000	-0.050000	-0.050000	0.000000	0.000000	18.197000	0.921000	19.118000	628	0	417	4	-0.050000	0.000000	13	12	2	0.100000	550.000000
tsi3_16_budget_020_D1_md050_US2_USpar10	tsi3_16_budget_020	18	16	2000	8	0.500000	-0.076923	-0.076923	0.000000	0.000000	31.095000	0.649000	31.744000	1776	0	941	8	-0.076923	0.000000	13	13	2	0.100000	550.000000
tsi3_16_budget_020_D1_md075_US2_USpar10	tsi3_16_budget_020	18	16	2000	12	0.750000	-0.076923	-0.076923	0.000000	0.000000	3.186000	0.873000	4.059000	126	0	26	12	-0.076923	0.000000	13	12	2	0.100000	550.000000
tsi3_16_budget_025_D1_md025_US2_USpar10	tsi3_16_budget_025	18	16	2500	4	0.250000	-0.100000	-0.100000	0.000000	0.000000	56.432000	2.652000	59.084000	946	0	678	4	-0.100000	0.000000	26	21	2	0.100000	550.000000
tsi3_16_budget_025_D1_md050_US2_USpar10	tsi3_16_budget_025	18	16	2500	8	0.500000	-0.175000	-0.175000	0.000000	0.000000	8.398000	1.805000	10.203000	237	0	69	8	-0.175000	0.000000	22	20	2	0.100000	550.000000
tsi3_16_budget_025_D1_md075_US2_USpar10	tsi3_16_budget_025	18	16	2500	12	0.750000	-0.175000	-0.175000	0.000000	0.000000	2.569000	2.477000	5.046000	54	0	0	11	-0.175000	0.000000	18	17	2	0.100000	550.000000
tsi3_16_budget_030_D1_md025_US2_USpar10	tsi3_16_budget_030	18	16	3000	4	0.250000	-0.200000	-0.200000	0.000000	0.000000	73.515000	5.677000	79.192000	528	0	387	4	-0.200000	0.000000	53	51	2	0.100000	550.000000
tsi3_16_budget_030_D1_md050_US2_USpar10	tsi3_16_budget_030	18	16	3000	8	0.500000	-0.237500	-0.237500	0.000000	0.000000	263.186000	3.781000	266.967000	3468	0	1718	8	-0.237500	0.000000	51	36	2	0.100000	550.000000
tsi3_16_budget_030_D1_md075_US2_USpar10	tsi3_16_budget_030	18	16	3000	12	0.750000	-0.250000	-0.250000	0.000000	0.000000	5.425000	5.359000	10.784000	57	0	0	12	-0.250000	0.000000	34	22	2	0.100000	550.000000
tsi3_16_budget_035_D1_md025_US2_USpar10	tsi3_16_budget_035	18	16	3500	4	0.250000	-0.300000	-0.300000	0.000000	0.000000	85.110000	6.413000	91.523000	502	0	215	4	-0.300000	0.000000	83	68	2	0.100000	550.000000
tsi3_16_budget_035_D1_md050_US2_USpar10	tsi3_16_budget_035	18	16	3500	8	0.500000	-0.325000	-0.325000	0.000000	0.000000	76.082000	4.217000	80.299000	709	0	471	8	-0.325000	0.000000	73	47	2	0.100000	550.000000
tsi3_16_budget_035_D1_md075_US2_USpar10	tsi3_16_budget_035	18	16	3500	12	0.750000	-0.337500	-0.337500	0.000000	0.000000	12.856000	5.910000	18.766000	81	0	7	12	-0.337500	0.000000	52	18	2	0.100000	550.000000
tsi3_16_budget_040_D1_md025_US2_USpar10	tsi3_16_budget_040	18	16	4000	4	0.250000	-0.400000	-0.400000	0.000000	0.000000	49.066000	6.834000	55.900000	563	0	407	4	-0.400000	0.000000	55	37	2	0.100000	550.000000
tsi3_16_budget_040_D1_md050_US2_USpar10	tsi3_16_budget_040	18	16	4000	8	0.500000	-0.450000	-0.450000	0.000000	0.000000	2.094000	4.238000	6.332000	43	0	3	8	-0.450000	0.000000	40	27	2	0.100000	550.000000
tsi3_16_budget_040_D1_md075_US2_USpar10	tsi3_16_budget_040	18	16	4000	12	0.750000	-0.450000	-0.450000	0.000000	0.000000	3.053000	6.190000	9.243000	43	0	0	11	-0.450000	0.000000	40	22	2	0.100000	550.000000
tsi3_16_budget_045_D1_md025_US2_USpar10	tsi3_16_budget_045	18	16	4500	4	0.250000	-0.400000	-0.400000	0.000000	0.000000	161.112000	7.247000	168.359000	676	0	588	4	-0.400000	0.000000	143	59	2	0.100000	550.000000
tsi3_16_budget_045_D1_md050_US2_USpar10	tsi3_16_budget_045	18	16	4500	8	0.500000	-0.466667	-0.466667	0.000000	0.000000	233.515000	4.629000	238.144000	1649	0	943	8	-0.466667	0.000000	175	94	2	0.100000	550.000000
tsi3_16_budget_045_D1_md075_US2_USpar10	tsi3_16_budget_045	18	16	4500	12	0.750000	-0.475000	-0.475000	0.000000	0.000000	22.606000	6.795000	29.401000	136	0	24	12	-0.475000	0.000000	70	41	2	0.100000	550.000000
tsi3_16_budget_050_D1_md025_US2_USpar10	tsi3_16_budget_050	18	16	5000	4	0.250000	-0.500000	-0.500000	0.000000	0.000000	98.510000	7.237000	105.747000	721	0	453	4	-0.500000	0.000000	95	33	2	0.100000	550.000000
tsi3_16_budget_050_D1_md050_US2_USpar10	tsi3_16_budget_050	18	16	5000	8	0.500000	-0.533333	-0.533333	0.000000	0.000000	3.376000	4.822000	8.198000	41	0	2	8	-0.533333	0.000000	45	33	2	0.100000	550.000000
tsi3_16_budget_050_D1_md075_US2_USpar10	tsi3_16_budget_050	18	16	5000	12	0.750000	-0.533333	-0.533333	0.000000	0.000000	4.975000	6.825000	11.800000	41	0	0	11	-0.533333	0.000000	44	33	2	0.100000	550.000000
tsi3_16_budget_055_D1_md025_US2_USpar10	tsi3_16_budget_055	18	16	5500	4	0.250000	-0.600000	-0.600000	0.000000	0.000000	182.605000	6.339000	188.944000	986	0	772	4	-0.600000	0.000000	160	56	2	0.100000	550.000000
tsi3_16_budget_055_D1_md050_US2_USpar10	tsi3_16_budget_055	18	16	5500	8	0.500000	-0.628571	-0.628571	0.000000	0.000000	406.653000	4.302000	410.955000	2788	0	1938	8	-0.628571	0.000000	268	44	2	0.100000	550.000000
tsi3_16_budget_055_D1_md075_US2_USpar10	tsi3_16_budget_055	18	16	5500	12	0.750000	-0.641667	-0.641667	0.000000	0.000000	22.379000	6.110000	28.489000	180	0	50	12	-0.641667	0.000000	69	18	2	0.100000	550.000000
tsi3_16_budget_060_D1_md025_US2_USpar10	tsi3_16_budget_060	18	16	6000	4	0.250000	-0.700051	-0.700000	0.000073	0.000000	38.106000	5.468000	43.574000	319	0	117	2	-0.700000	0.000000	80	33	2	0.100000	550.000000
tsi3_16_budget_060_D1_md050_US2_USpar10	tsi3_16_budget_060	18	16	6000	8	0.500000	-0.700000	-0.700000	0.000000	0.000000	70.015000	3.793000	73.808000	838	0	350	8	-0.700000	0.000000	103	57	2	0.100000	550.000000
tsi3_16_budget_060_D1_md075_US2_USpar10	tsi3_16_budget_060	18	16	6000	12	0.750000	-0.703704	-0.703704	0.000000	0.000000	59.854000	5.299000	65.153000	538	0	84	12	-0.703704	0.000000	95	51	2	0.100000	550.000000
tsi3_16_budget_065_D1_md025_US2_USpar10	tsi3_16_budget_065	18	16	6500	4	0.250000	-0.800000	-0.800000	0.000000	0.000000	0.003000	7.739000	7.742000	0	0	0	0	-0.800000	0.000000	82	38	2	0.100000	550.000000
tsi3_16_budget_065_D1_md050_US2_USpar10	tsi3_16_budget_065	18	16	6500	8	0.500000	-0.800000	-0.800000	0.000000	0.000000	0.002000	5.284000	5.286000	0	0	0	0	-0.800000	0.000000	82	38	2	0.100000	550.000000
tsi3_16_budget_065_D1_md075_US2_USpar10	tsi3_16_budget_065	18	16	6500	12	0.750000	-0.800000	-0.800000	0.000000	0.000000	0.003000	7.627000	7.630000	0	0	0	0	-0.800000	0.000000	82	38	2	0.100000	550.000000
tsi3_16_budget_070_D1_md025_US2_USpar10	tsi3_16_budget_070	18	16	7000	4	0.250000	-0.900000	-0.900000	0.000000	0.000000	0.002000	2.070000	2.072000	0	0	0	0	-0.900000	0.000000	20	2	2	0.100000	550.000000
tsi3_16_budget_070_D1_md050_US2_USpar10	tsi3_16_budget_070	18	16	7000	8	0.500000	-0.900000	-0.900000	0.000000	0.000000	0.002000	1.336000	1.338000	0	0	0	0	-0.900000	0.000000	20	2	2	0.100000	550.000000
tsi3_16_budget_070_D1_md075_US2_USpar10	tsi3_16_budget_070	18	16	7000	12	0.750000	-0.900000	-0.900000	0.000000	0.000000	0.002000	1.992000	1.994000	0	0	0	0	-0.900000	0.000000	20	2	2	0.100000	550.000000
tsi3_16_budget_075_D1_md025_US2_USpar10	tsi3_16_budget_075	18	16	7500	4	0.250000	-0.900000	-0.900000	0.000000	0.000000	33.052000	2.602000	35.654000	552	0	359	2	-0.900000	0.000000	58	35	2	0.100000	550.000000
tsi3_16_budget_075_D1_md050_US2_USpar10	tsi3_16_budget_075	18	16	7500	8	0.500000	-0.900000	-0.900000	0.000000	0.000000	91.516000	1.779000	93.295000	2523	0	2134	7	-0.900000	0.000000	58	33	2	0.100000	550.000000
tsi3_16_budget_075_D1_md075_US2_USpar10	tsi3_16_budget_075	18	16	7500	12	0.750000	-0.916667	-0.916667	0.000000	0.000000	40.919000	2.539000	43.458000	884	0	737	12	-0.916667	0.000000	58	26	2	0.100000	550.000000
tsi3_16_budget_080_D1_md025_US2_USpar10	tsi3_16_budget_080	18	16	8000	4	0.250000	-1.000000	-1.000000	0.000000	0.000000	0.003000	0.975000	0.978000	0	0	0	0	-1.000000	0.000000	35	12	2	0.100000	550.000000
tsi3_16_budget_080_D1_md050_US2_USpar10	tsi3_16_budget_080	18	16	8000	8	0.500000	-1.000000	-1.000000	0.000000	0.000000	0.002000	0.604000	0.606000	0	0	0	0	-1.000000	0.000000	35	12	2	0.100000	550.000000
tsi3_16_budget_080_D1_md075_US2_USpar10	tsi3_16_budget_080	18	16	8000	12	0.750000	-1.000000	-1.000000	0.000000	0.000000	0.008000	1.003000	1.011000	0	0	0	0	-1.000000	0.000000	35	12	2	0.100000	550.000000
tsi_prob_1_mod_1_budget_05_D1_md025_US2_USpar5	tsi_prob_1_mod_1_budget_05	32	30	500	8	0.250000	0.000000	0.000000	0.000000	0.000000	0.004000	0.238000	0.242000	0	0	0	0	0.000000	0.000000	1	1	2	0.050000	285.000000
tsi_prob_1_mod_1_budget_05_D1_md050_US2_USpar5	tsi_prob_1_mod_1_budget_05	32	30	500	15	0.500000	0.000000	0.000000	0.000000	0.000000	0.003000	0.221000	0.224000	0	0	0	0	0.000000	0.000000	1	1	2	0.050000	285.000000
tsi_prob_1_mod_1_budget_05_D1_md075_US2_USpar5	tsi_prob_1_mod_1_budget_05	32	30	500	23	0.750000	0.000000	0.000000	0.000000	0.000000	0.004000	0.243000	0.247000	0	0	0	0	0.000000	0.000000	1	1	2	0.050000	285.000000
tsi_prob_1_mod_1_budget_10_D1_md025_US2_USpar5	tsi_prob_1_mod_1_budget_10	32	30	1000	8	0.250000	0.000000	0.000000	0.000000	0.000000	0.004000	0.481000	0.485000	0	0	0	0	0.000000	0.000000	8	8	2	0.050000	285.000000
tsi_prob_1_mod_1_budget_10_D1_md050_US2_USpar5	tsi_prob_1_mod_1_budget_10	32	30	1000	15	0.500000	0.000000	0.000000	0.000000	0.000000	0.003000	0.430000	0.433000	0	0	0	0	0.000000	0.000000	8	8	2	0.050000	285.000000
tsi_prob_1_mod_1_budget_10_D1_md075_US2_USpar5	tsi_prob_1_mod_1_budget_10	32	30	1000	23	0.750000	0.000000	0.000000	0.000000	0.000000	0.004000	0.466000	0.470000	0	0	0	0	0.000000	0.000000	8	8	2	0.050000	285.000000
tsi_prob_1_mod_1_budget_15_D1_md025_US2_USpar5	tsi_prob_1_mod_1_budget_15	32	30	1500	8	0.250000	-0.080769	-0.042857	0.884616	0.000000	7200.019000	38.578000	7238.597000	12832	0	6179	8	-0.042857	0.000000	90	83	2	0.050000	285.000000
tsi_prob_1_mod_1_budget_15_D1_md050_US2_USpar5	tsi_prob_1_mod_1_budget_15	32	30	1500	15	0.500000	-0.080769	-0.070000	0.153846	0.000000	7200.055000	35.988000	7236.043000	16269	0	7716	14	-0.070000	0.000000	86	26	2	0.050000	285.000000
tsi_prob_1_mod_1_budget_15_D1_md075_US2_USpar5	tsi_prob_1_mod_1_budget_15	32	30	1500	23	0.750000	-0.080769	-0.080769	0.000000	0.000000	47.250000	36.753000	84.003000	109	0	0	23	-0.080769	0.000000	34	22	2	0.050000	285.000000
tsi_prob_1_mod_1_budget_20_D1_md025_US2_USpar5	tsi_prob_1_mod_1_budget_20	32	30	2000	8	0.250000	-0.164615	-0.100000	0.646154	0.000000	7200.286000	275.932000	7476.218000	2701	0	1311	8	-0.100000	0.000000	347	238	2	0.050000	285.000000
tsi_prob_1_mod_1_budget_20_D1_md050_US2_USpar5	tsi_prob_1_mod_1_budget_20	32	30	2000	15	0.500000	-0.164615	-0.150000	0.097436	0.000000	7201.147000	178.578000	7379.725000	4693	0	2021	15	-0.150000	0.000000	265	57	2	0.050000	285.000000
tsi_prob_1_mod_1_budget_20_D1_md075_US2_USpar5	tsi_prob_1_mod_1_budget_20	32	30	2000	23	0.750000	-0.164615	-0.164615	0.000000	0.000000	138.769000	278.248000	417.017000	89	0	0	23	-0.164615	0.000000	76	42	2	0.050000	285.000000
tsi_prob_1_mod_1_budget_25_D1_md025_US2_USpar5	tsi_prob_1_mod_1_budget_25	32	30	2500	8	0.250000	-0.236000	-0.200000	0.180000	0.000000	7202.142000	477.256000	7679.398000	1233	0	512	7	-0.200000	0.000000	481	58	2	0.050000	285.000000
tsi_prob_1_mod_1_budget_25_D1_md050_US2_USpar5	tsi_prob_1_mod_1_budget_25	32	30	2500	15	0.500000	-0.236000	-0.225000	0.048889	0.000000	7202.593000	309.904000	7512.497000	1942	0	769	15	-0.225000	0.000000	679	71	2	0.050000	285.000000
tsi_prob_1_mod_1_budget_25_D1_md075_US2_USpar5	tsi_prob_1_mod_1_budget_25	32	30	2500	23	0.750000	-0.236000	-0.235417	0.002478	0.000000	7202.134000	462.288000	7664.422000	2010	0	848	23	-0.235417	0.000000	478	88	2	0.050000	285.000000
tsi_prob_1_mod_1_budget_30_D1_md025_US2_USpar5	tsi_prob_1_mod_1_budget_30	32	30	3000	8	0.250000	-0.310000	-0.250000	0.240000	0.000000	7204.025000	277.638000	7481.663000	1115	0	401	7	-0.250000	0.000000	567	88	2	0.050000	285.000000
tsi_prob_1_mod_1_budget_30_D1_md050_US2_USpar5	tsi_prob_1_mod_1_budget_30	32	30	3000	15	0.500000	-0.310000	-0.300000	0.033333	0.000000	7202.106000	183.739000	7385.845000	977	0	328	12	-0.300000	0.000000	1216	78	2	0.050000	285.000000
tsi_prob_1_mod_1_budget_30_D1_md075_US2_USpar5	tsi_prob_1_mod_1_budget_30	32	30	3000	23	0.750000	-0.310000	-0.310000	0.000000	0.000000	402.757000	259.421000	662.178000	114	0	0	23	-0.310000	0.000000	161	62	2	0.050000	285.000000
tsi_prob_1_mod_1_budget_35_D1_md025_US2_USpar5	tsi_prob_1_mod_1_budget_35	32	30	3500	8	0.250000	-0.377220	-0.333333	0.131660	0.000000	7202.915000	118.862000	7321.777000	2540	0	990	8	-0.333333	0.000000	447	256	2	0.050000	285.000000
tsi_prob_1_mod_1_budget_35_D1_md050_US2_USpar5	tsi_prob_1_mod_1_budget_35	32	30	3500	15	0.500000	-0.377220	-0.358333	0.052707	0.000000	7204.745000	77.059000	7281.804000	1445	0	579	15	-0.358333	0.000000	929	90	2	0.050000	285.000000
tsi_prob_1_mod_1_budget_35_D1_md075_US2_USpar5	tsi_prob_1_mod_1_budget_35	32	30	3500	23	0.750000	-0.377220	-0.375000	0.005920	0.000000	7209.912000	114.224000	7324.136000	1075	0	528	23	-0.375000	0.000000	843	210	2	0.050000	285.000000
tsi_prob_1_mod_1_budget_40_D1_md025_US2_USpar5	tsi_prob_1_mod_1_budget_40	32	30	4000	8	0.250000	-0.452365	-0.400000	0.130912	0.000000	7202.470000	110.261000	7312.731000	4131	0	1813	6	-0.400000	0.000000	330	86	2	0.050000	285.000000
tsi_prob_1_mod_1_budget_40_D1_md050_US2_USpar5	tsi_prob_1_mod_1_budget_40	32	30	4000	15	0.500000	-0.452365	-0.416667	0.085676	0.000000	7203.652000	69.344000	7272.996000	1748	0	790	15	-0.416667	0.000000	758	388	2	0.050000	285.000000
tsi_prob_1_mod_1_budget_40_D1_md075_US2_USpar5	tsi_prob_1_mod_1_budget_40	32	30	4000	23	0.750000	-0.452365	-0.438235	0.032242	0.000000	7204.349000	106.939000	7311.288000	875	0	269	23	-0.438235	0.000000	853	262	2	0.050000	285.000000
tsi_prob_1_mod_1_budget_46_D1_md025_US2_USpar5	tsi_prob_1_mod_1_budget_46	32	30	4600	8	0.250000	-0.529167	-0.500000	0.058333	0.000000	7201.932000	129.132000	7331.064000	3671	0	1685	8	-0.500000	0.000000	379	216	2	0.050000	285.000000
tsi_prob_1_mod_1_budget_46_D1_md050_US2_USpar5	tsi_prob_1_mod_1_budget_46	32	30	4600	15	0.500000	-0.529167	-0.500000	0.058333	0.000000	7200.565000	82.866000	7283.431000	2759	0	1192	13	-0.500000	0.000000	572	127	2	0.050000	285.000000
tsi_prob_1_mod_1_budget_46_D1_md075_US2_USpar5	tsi_prob_1_mod_1_budget_46	32	30	4600	23	0.750000	-0.529167	-0.529167	0.000000	0.000000	166.388000	125.423000	291.811000	114	0	0	23	-0.529167	0.000000	169	77	2	0.050000	285.000000
tsi_prob_1_mod_1_budget_50_D1_md025_US2_USpar5	tsi_prob_1_mod_1_budget_50	32	30	5000	8	0.250000	-0.579762	-0.550000	0.054113	0.000000	7201.148000	113.898000	7315.046000	4120	0	1715	6	-0.550000	0.000000	273	85	2	0.050000	285.000000
tsi_prob_1_mod_1_budget_50_D1_md050_US2_USpar5	tsi_prob_1_mod_1_budget_50	32	30	5000	15	0.500000	-0.579762	-0.550000	0.054113	0.000000	7200.784000	72.563000	7273.347000	3317	0	1505	15	-0.550000	0.000000	475	290	2	0.050000	285.000000
tsi_prob_1_mod_1_budget_50_D1_md075_US2_USpar5	tsi_prob_1_mod_1_budget_50	32	30	5000	23	0.750000	-0.579762	-0.577500	0.003917	0.000000	7216.390000	111.414000	7327.804000	875	0	304	23	-0.577500	0.000000	1066	217	2	0.050000	285.000000
tsi_prob_1_mod_1_budget_55_D1_md025_US2_USpar5	tsi_prob_1_mod_1_budget_55	32	30	5500	8	0.250000	-0.638889	-0.600000	0.064815	0.000000	7202.477000	120.032000	7322.509000	1905	0	804	6	-0.600000	0.000000	187	82	2	0.050000	285.000000
tsi_prob_1_mod_1_budget_55_D1_md050_US2_USpar5	tsi_prob_1_mod_1_budget_55	32	30	5500	15	0.500000	-0.638889	-0.609375	0.048433	0.000000	7204.935000	74.493000	7279.428000	1864	0	678	15	-0.609375	0.000000	618	203	2	0.050000	285.000000
tsi_prob_1_mod_1_budget_55_D1_md075_US2_USpar5	tsi_prob_1_mod_1_budget_55	32	30	5500	23	0.750000	-0.638889	-0.630000	0.014109	0.000000	7210.651000	116.337000	7326.988000	919	0	351	22	-0.630000	0.000000	1039	127	2	0.050000	285.000000
tsi_prob_1_mod_1_budget_60_D1_md025_US2_USpar5	tsi_prob_1_mod_1_budget_60	32	30	6000	8	0.250000	-0.702273	-0.700000	0.003247	0.000000	7200.472000	112.879000	7313.351000	3878	0	1792	6	-0.700000	0.000000	363	98	2	0.050000	285.000000
tsi_prob_1_mod_1_budget_60_D1_md050_US2_USpar5	tsi_prob_1_mod_1_budget_60	32	30	6000	15	0.500000	-0.702273	-0.700000	0.003247	0.000000	7201.811000	69.830000	7271.641000	4106	0	2000	13	-0.700000	0.000000	387	122	2	0.050000	285.000000
tsi_prob_1_mod_1_budget_60_D1_md075_US2_USpar5	tsi_prob_1_mod_1_budget_60	32	30	6000	23	0.750000	-0.702273	-0.700000	0.003247	0.000000	7203.525000	110.926000	7314.451000	946	0	215	23	-0.700000	0.000000	787	233	2	0.050000	285.000000
tsi_prob_1_mod_1_budget_65_D1_md025_US2_USpar5	tsi_prob_1_mod_1_budget_65	32	30	6500	8	0.250000	-0.766667	-0.750000	0.022222	0.000000	7200.686000	155.129000	7355.815000	4261	0	1749	8	-0.750000	0.000000	212	139	2	0.050000	285.000000
tsi_prob_1_mod_1_budget_65_D1_md050_US2_USpar5	tsi_prob_1_mod_1_budget_65	32	30	6500	15	0.500000	-0.766667	-0.750000	0.022222	0.000000	7200.416000	101.560000	7301.976000	4254	0	1761	12	-0.750000	0.000000	277	93	2	0.050000	285.000000
tsi_prob_1_mod_1_budget_65_D1_md075_US2_USpar5	tsi_prob_1_mod_1_budget_65	32	30	6500	23	0.750000	-0.766667	-0.758621	0.010606	0.000000	7210.413000	155.422000	7365.835000	1083	0	347	23	-0.758621	0.000000	816	370	2	0.050000	285.000000
tsi_prob_1_mod_1_budget_70_D1_md025_US2_USpar5	tsi_prob_1_mod_1_budget_70	32	30	7000	8	0.250000	-0.850000	-0.850000	0.000000	0.000000	0.100000	457.083000	457.183000	0	0	0	0	-0.850000	0.000000	632	191	2	0.050000	285.000000
tsi_prob_1_mod_1_budget_70_D1_md050_US2_USpar5	tsi_prob_1_mod_1_budget_70	32	30	7000	15	0.500000	-0.850000	-0.850000	0.000000	0.000000	0.081000	293.106000	293.187000	0	0	0	0	-0.850000	0.000000	632	191	2	0.050000	285.000000
tsi_prob_1_mod_1_budget_70_D1_md075_US2_USpar5	tsi_prob_1_mod_1_budget_70	32	30	7000	23	0.750000	-0.850000	-0.850000	0.000000	0.000000	0.098000	461.743000	461.841000	0	0	0	0	-0.850000	0.000000	632	191	2	0.050000	285.000000
tsi_prob_1_mod_1_budget_73_D1_md025_US2_USpar5	tsi_prob_1_mod_1_budget_73	32	30	7300	8	0.250000	-0.868939	-0.850000	0.022282	0.000000	7201.788000	95.707000	7297.495000	4377	0	1864	6	-0.850000	0.000000	139	89	2	0.050000	285.000000
tsi_prob_1_mod_1_budget_73_D1_md050_US2_USpar5	tsi_prob_1_mod_1_budget_73	32	30	7300	15	0.500000	-0.868939	-0.850000	0.022282	0.000000	7200.600000	62.446000	7263.046000	4289	0	2052	15	-0.850000	0.000000	168	109	2	0.050000	285.000000
tsi_prob_1_mod_1_budget_73_D1_md075_US2_USpar5	tsi_prob_1_mod_1_budget_73	32	30	7300	23	0.750000	-0.868939	-0.864286	0.005384	0.000000	7202.825000	97.309000	7300.134000	1414	0	527	23	-0.864286	0.000000	815	124	2	0.050000	285.000000
tsi_prob_1_mod_1_budget_75_D1_md025_US2_USpar5	tsi_prob_1_mod_1_budget_75	32	30	7500	8	0.250000	-0.900000	-0.900000	0.000000	0.000000	0.058000	232.123000	232.181000	0	0	0	0	-0.900000	0.000000	448	140	2	0.050000	285.000000
tsi_prob_1_mod_1_budget_75_D1_md050_US2_USpar5	tsi_prob_1_mod_1_budget_75	32	30	7500	15	0.500000	-0.900000	-0.900000	0.000000	0.000000	0.031000	150.011000	150.042000	0	0	0	0	-0.900000	0.000000	448	140	2	0.050000	285.000000
tsi_prob_1_mod_1_budget_75_D1_md075_US2_USpar5	tsi_prob_1_mod_1_budget_75	32	30	7500	23	0.750000	-0.900000	-0.900000	0.000000	0.000000	0.056000	233.745000	233.801000	0	0	0	0	-0.900000	0.000000	448	140	2	0.050000	285.000000
tsi_prob_1_mod_1_budget_80_D1_md025_US2_USpar5	tsi_prob_1_mod_1_budget_80	32	30	8000	8	0.250000	-0.950000	-0.950000	0.000000	0.000000	0.022000	71.367000	71.389000	0	0	0	0	-0.950000	0.000000	252	76	2	0.050000	285.000000
tsi_prob_1_mod_1_budget_80_D1_md050_US2_USpar5	tsi_prob_1_mod_1_budget_80	32	30	8000	15	0.500000	-0.950000	-0.950000	0.000000	0.000000	0.013000	45.621000	45.634000	0	0	0	0	-0.950000	0.000000	252	76	2	0.050000	285.000000
tsi_prob_1_mod_1_budget_80_D1_md075_US2_USpar5	tsi_prob_1_mod_1_budget_80	32	30	8000	23	0.750000	-0.950000	-0.950000	0.000000	0.000000	0.019000	72.059000	72.078000	0	0	0	0	-0.950000	0.000000	252	76	2	0.050000	285.000000
tsi_prob_1_mod_1_budget_85_D1_md025_US2_USpar5	tsi_prob_1_mod_1_budget_85	32	30	8500	8	0.250000	-1.000000	-1.000000	0.000000	0.000000	0.002000	2.443000	2.445000	0	0	0	0	-1.000000	0.000000	19	2	2	0.050000	285.000000
tsi_prob_1_mod_1_budget_85_D1_md050_US2_USpar5	tsi_prob_1_mod_1_budget_85	32	30	8500	15	0.500000	-1.000000	-1.000000	0.000000	0.000000	0.002000	1.366000	1.368000	0	0	0	0	-1.000000	0.000000	19	2	2	0.050000	285.000000
tsi_prob_1_mod_1_budget_85_D1_md075_US2_USpar5	tsi_prob_1_mod_1_budget_85	32	30	8500	23	0.750000	-1.000000	-1.000000	0.000000	0.000000	0.002000	2.066000	2.068000	0	0	0	0	-1.000000	0.000000	19	2	2	0.050000	285.000000
tsi_prob_2_mod_budget_15_D1_md025_US2_USpar15	tsi_prob_2_mod_budget_15	21	19	1500	5	0.250000	-0.000000	0.000000	0.000000	0.000000	4159.132000	14.712000	4173.844000	11085	0	10160	0	0.000000	0.000000	107	41	2	0.150000	450.000000
tsi_prob_2_mod_budget_15_D1_md050_US2_USpar15	tsi_prob_2_mod_budget_15	21	19	1500	10	0.500000	-0.140000	-0.140000	0.000000	0.000000	1172.197000	9.681000	1181.878000	6170	0	4375	10	-0.140000	0.000000	113	91	2	0.150000	450.000000
tsi_prob_2_mod_budget_15_D1_md075_US2_USpar15	tsi_prob_2_mod_budget_15	21	19	1500	15	0.750000	-0.173077	-0.173077	0.000000	0.000000	21.278000	14.669000	35.947000	88	0	0	15	-0.173077	0.000000	47	19	2	0.150000	450.000000
tsi_prob_2_mod_budget_20_D1_md025_US2_USpar15	tsi_prob_2_mod_budget_20	21	19	2000	5	0.250000	-0.275000	-0.275000	0.000000	0.000000	790.987000	32.627000	823.614000	1428	0	898	5	-0.275000	0.000000	245	154	2	0.150000	450.000000
tsi_prob_2_mod_budget_20_D1_md050_US2_USpar15	tsi_prob_2_mod_budget_20	21	19	2000	10	0.500000	-0.333333	-0.333333	0.000000	0.000000	2470.709000	20.790000	2491.499000	6452	0	3855	10	-0.333333	0.000000	293	127	2	0.150000	450.000000
tsi_prob_2_mod_budget_20_D1_md075_US2_USpar15	tsi_prob_2_mod_budget_20	21	19	2000	15	0.750000	-0.340000	-0.340000	0.000000	0.000000	38.389000	31.144000	69.533000	80	0	3	15	-0.340000	0.000000	123	28	2	0.150000	450.000000
tsi_prob_2_mod_budget_23_D1_md025_US2_USpar15	tsi_prob_2_mod_budget_23	21	19	2300	5	0.250000	-0.350000	-0.350000	0.000000	0.000000	1508.989000	34.995000	1543.984000	1743	0	967	5	-0.350000	0.000000	404	262	2	0.150000	450.000000
tsi_prob_2_mod_budget_23_D1_md050_US2_USpar15	tsi_prob_2_mod_budget_23	21	19	2300	10	0.500000	-0.370000	-0.370000	0.000000	0.000000	2611.645000	22.238000	2633.883000	3718	0	2142	10	-0.370000	0.000000	502	137	2	0.150000	450.000000
tsi_prob_2_mod_budget_23_D1_md075_US2_USpar15	tsi_prob_2_mod_budget_23	21	19	2300	15	0.750000	-0.384615	-0.384615	0.000000	0.000000	67.905000	33.660000	101.565000	80	0	0	15	-0.384615	0.000000	154	34	2	0.150000	450.000000
tsi_prob_2_mod_budget_25_D1_md025_US2_USpar15	tsi_prob_2_mod_budget_25	21	19	2500	5	0.250000	-0.350001	-0.350000	0.000003	0.000000	3051.693000	55.870000	3107.563000	2521	0	1777	5	-0.350000	0.000000	614	336	2	0.150000	450.000000
tsi_prob_2_mod_budget_25_D1_md050_US2_USpar15	tsi_prob_2_mod_budget_25	21	19	2500	10	0.500000	-0.450000	-0.450000	0.000000	0.000000	5413.821000	35.676000	5449.497000	5673	0	3177	10	-0.450000	0.000000	700	202	2	0.150000	450.000000
tsi_prob_2_mod_budget_25_D1_md075_US2_USpar15	tsi_prob_2_mod_budget_25	21	19	2500	15	0.750000	-0.454545	-0.454545	0.000000	0.000000	466.630000	54.048000	520.678000	455	0	252	15	-0.454545	0.000000	418	98	2	0.150000	450.000000
tsi_prob_2_mod_budget_27_D1_md025_US2_USpar15	tsi_prob_2_mod_budget_27	21	19	2700	5	0.250000	-0.425000	-0.425000	0.000000	0.000000	2952.162000	66.698000	3018.860000	1522	0	982	5	-0.425000	0.000000	759	514	2	0.150000	450.000000
tsi_prob_2_mod_budget_27_D1_md050_US2_USpar15	tsi_prob_2_mod_budget_27	21	19	2700	10	0.500000	-0.500000	-0.500000	0.000000	0.000000	1793.940000	43.214000	1837.154000	1529	0	706	10	-0.500000	0.000000	757	216	2	0.150000	450.000000
tsi_prob_2_mod_budget_27_D1_md075_US2_USpar15	tsi_prob_2_mod_budget_27	21	19	2700	15	0.750000	-0.500000	-0.500000	0.000000	0.000000	29.810000	65.368000	95.178000	46	0	0	13	-0.500000	0.000000	192	117	2	0.150000	450.000000
tsi_prob_2_mod_budget_30_D1_md025_US2_USpar15	tsi_prob_2_mod_budget_30	21	19	3000	5	0.250000	-0.520030	-0.425000	0.223599	0.000000	7200.353000	24.297000	7224.650000	2005	0	1170	5	-0.425000	0.000000	1248	694	2	0.150000	450.000000
tsi_prob_2_mod_budget_30_D1_md050_US2_USpar15	tsi_prob_2_mod_budget_30	21	19	3000	10	0.500000	-0.578947	-0.570000	0.015697	0.000000	7200.938000	15.637000	7216.575000	3439	0	1939	10	-0.570000	0.000000	1270	336	2	0.150000	450.000000
tsi_prob_2_mod_budget_30_D1_md075_US2_USpar15	tsi_prob_2_mod_budget_30	21	19	3000	15	0.750000	-0.577778	-0.577778	0.000000	0.000000	2737.063000	23.814000	2760.877000	1903	0	807	15	-0.577778	0.000000	743	40	2	0.150000	450.000000
tsi_prob_2_mod_budget_32_D1_md025_US2_USpar15	tsi_prob_2_mod_budget_32	21	19	3200	5	0.250000	-0.593039	-0.500000	0.186079	0.000000	7202.769000	25.222000	7227.991000	1890	0	996	5	-0.500000	0.000000	1326	928	2	0.150000	450.000000
tsi_prob_2_mod_budget_32_D1_md050_US2_USpar15	tsi_prob_2_mod_budget_32	21	19	3200	10	0.500000	-0.616667	-0.616667	0.000000	0.000000	5125.048000	16.015000	5141.063000	2170	0	1333	10	-0.616667	0.000000	1351	203	2	0.150000	450.000000
tsi_prob_2_mod_budget_32_D1_md075_US2_USpar15	tsi_prob_2_mod_budget_32	21	19	3200	15	0.750000	-0.632653	-0.632653	0.000000	0.000000	607.196000	23.796000	630.992000	464	0	165	15	-0.632653	0.000000	616	110	2	0.150000	450.000000
tsi_prob_2_mod_budget_35_D1_md025_US2_USpar15	tsi_prob_2_mod_budget_35	21	19	3500	5	0.250000	-0.656944	-0.540000	0.216562	0.000000	7201.033000	30.092000	7231.125000	2504	0	1467	5	-0.540000	0.000000	1270	755	2	0.150000	450.000000
tsi_prob_2_mod_budget_35_D1_md050_US2_USpar15	tsi_prob_2_mod_budget_35	21	19	3500	10	0.500000	-0.689655	-0.671428	0.027146	0.000000	7203.765000	19.662000	7223.427000	2899	0	1546	10	-0.671428	0.000000	1580	306	2	0.150000	450.000000
tsi_prob_2_mod_budget_35_D1_md075_US2_USpar15	tsi_prob_2_mod_budget_35	21	19	3500	15	0.750000	-0.689655	-0.689655	0.000000	0.000000	225.932000	29.453000	255.385000	212	0	42	15	-0.689655	0.000000	440	143	2	0.150000	450.000000
tsi_prob_2_mod_budget_38_D1_md025_US2_USpar15	tsi_prob_2_mod_budget_38	21	19	3800	5	0.250000	-0.739307	-0.625000	0.182892	0.000000	7202.146000	25.289000	7227.435000	4164	0	2486	5	-0.625000	0.000000	1085	517	2	0.150000	450.000000
tsi_prob_2_mod_budget_38_D1_md050_US2_USpar15	tsi_prob_2_mod_budget_38	21	19	3800	10	0.500000	-0.770833	-0.750000	0.027778	0.000000	7200.283000	16.754000	7217.037000	3622	0	2154	10	-0.750000	0.000000	1494	480	2	0.150000	450.000000
tsi_prob_2_mod_budget_38_D1_md075_US2_USpar15	tsi_prob_2_mod_budget_38	21	19	3800	15	0.750000	-0.770492	-0.770492	0.000000	0.000000	1138.845000	26.267000	1165.112000	956	0	649	15	-0.770492	0.000000	676	179	2	0.150000	450.000000
tsi_prob_2_mod_budget_40_D1_md025_US2_USpar15	tsi_prob_2_mod_budget_40	21	19	4000	5	0.250000	-0.768498	-0.714286	0.075897	0.000000	7201.540000	24.599000	7226.139000	5882	0	4157	5	-0.714286	0.000000	607	460	2	0.150000	450.000000
tsi_prob_2_mod_budget_40_D1_md050_US2_USpar15	tsi_prob_2_mod_budget_40	21	19	4000	10	0.500000	-0.809589	-0.809524	0.000081	0.000000	6203.757000	16.336000	6220.093000	5679	0	5435	10	-0.809524	0.000000	906	394	2	0.150000	450.000000
tsi_prob_2_mod_budget_40_D1_md075_US2_USpar15	tsi_prob_2_mod_budget_40	21	19	4000	15	0.750000	-0.836735	-0.836735	0.000000	0.000000	1134.473000	25.909000	1160.382000	1287	0	821	15	-0.836735	0.000000	519	140	2	0.150000	450.000000
tsi_prob_2_mod_budget_45_D1_md025_US2_USpar15	tsi_prob_2_mod_budget_45	21	19	4500	5	0.250000	-1.000000	-1.000000	0.000000	0.000000	0.003000	2.978000	2.981000	0	0	0	0	-1.000000	0.000000	79	10	2	0.150000	450.000000
tsi_prob_2_mod_budget_45_D1_md050_US2_USpar15	tsi_prob_2_mod_budget_45	21	19	4500	10	0.500000	-1.000000	-1.000000	0.000000	0.000000	0.002000	2.089000	2.091000	0	0	0	0	-1.000000	0.000000	79	10	2	0.150000	450.000000
tsi_prob_2_mod_budget_45_D1_md075_US2_USpar15	tsi_prob_2_mod_budget_45	21	19	4500	15	0.750000	-1.000000	-1.000000	0.000000	0.000000	0.003000	3.216000	3.219000	0	0	0	0	-1.000000	0.000000	79	10	2	0.150000	450.000000
tsi_prob_3_mod_budget_015_D1_md025_US2_USpar5	tsi_prob_3_mod_budget_015	33	31	1500	8	0.250000	-0.066667	-0.025000	1.666668	0.000000	7200.432000	19.006000	7219.438000	21746	0	11373	8	-0.025000	0.000000	73	70	2	0.050000	800.000000
tsi_prob_3_mod_budget_015_D1_md050_US2_USpar5	tsi_prob_3_mod_budget_015	33	31	1500	16	0.500000	-0.066667	-0.055556	0.200000	0.000000	7200.028000	12.344000	7212.372000	39971	0	19172	16	-0.055556	0.000000	68	57	2	0.050000	800.000000
tsi_prob_3_mod_budget_015_D1_md075_US2_USpar5	tsi_prob_3_mod_budget_015	33	31	1500	24	0.750000	-0.066667	-0.066667	0.000000	0.000000	46.642000	18.661000	65.303000	197	0	0	24	-0.066667	0.000000	42	27	2	0.050000	800.000000
tsi_prob_3_mod_budget_020_D1_md025_US2_USpar5	tsi_prob_3_mod_budget_020	33	31	2000	8	0.250000	-0.136719	-0.088889	0.538086	0.000000	7200.029000	257.449000	7457.478000	2431	0	1029	8	-0.088889	0.000000	175	115	2	0.050000	800.000000
tsi_prob_3_mod_budget_020_D1_md050_US2_USpar5	tsi_prob_3_mod_budget_020	33	31	2000	16	0.500000	-0.136719	-0.116667	0.171875	0.000000	7200.223000	167.106000	7367.329000	5632	0	2330	16	-0.116667	0.000000	281	126	2	0.050000	800.000000
tsi_prob_3_mod_budget_020_D1_md075_US2_USpar5	tsi_prob_3_mod_budget_020	33	31	2000	24	0.750000	-0.136719	-0.136719	0.000000	0.000000	5665.564000	256.393000	5921.957000	4308	0	2113	24	-0.136719	0.000000	216	66	2	0.050000	800.000000
tsi_prob_3_mod_budget_025_D1_md025_US2_USpar5	tsi_prob_3_mod_budget_025	33	31	2500	8	0.250000	-0.206731	-0.150000	0.378205	0.000000	7653.022000	1046.955000	8699.977000	821	0	250	8	-0.150000	0.000000	426	254	2	0.050000	800.000000
tsi_prob_3_mod_budget_025_D1_md050_US2_USpar5	tsi_prob_3_mod_budget_025	33	31	2500	16	0.500000	-0.206731	-0.183333	0.127622	0.000000	7203.119000	683.059000	7886.178000	1948	0	783	16	-0.183333	0.000000	617	378	2	0.050000	800.000000
tsi_prob_3_mod_budget_025_D1_md075_US2_USpar5	tsi_prob_3_mod_budget_025	33	31	2500	24	0.750000	-0.206731	-0.200000	0.033654	0.000000	8016.358000	1081.054000	9097.412000	1350	0	610	23	-0.200000	0.000000	524	235	2	0.050000	800.000000
tsi_prob_3_mod_budget_030_D1_md025_US2_USpar5	tsi_prob_3_mod_budget_030	33	31	3000	8	0.250000	-0.272283	-0.200000	0.361413	0.000000	9615.205000	254.634000	9869.839000	1062	0	432	8	-0.200000	0.000000	674	371	2	0.050000	800.000000
tsi_prob_3_mod_budget_030_D1_md050_US2_USpar5	tsi_prob_3_mod_budget_030	33	31	3000	16	0.500000	-0.272283	-0.252083	0.080129	0.000000	7202.979000	156.838000	7359.817000	1297	0	483	16	-0.252083	0.000000	933	482	2	0.050000	800.000000
tsi_prob_3_mod_budget_030_D1_md075_US2_USpar5	tsi_prob_3_mod_budget_030	33	31	3000	24	0.750000	-0.272283	-0.266667	0.021060	0.000000	7206.506000	225.881000	7432.387000	1045	0	458	24	-0.266667	0.000000	736	434	2	0.050000	800.000000
tsi_prob_3_mod_budget_035_D1_md025_US2_USpar5	tsi_prob_3_mod_budget_035	33	31	3500	8	0.250000	-0.342381	-0.287500	0.190890	0.000000	7204.268000	199.791000	7404.059000	973	0	328	8	-0.287500	0.000000	566	187	2	0.050000	800.000000
tsi_prob_3_mod_budget_035_D1_md050_US2_USpar5	tsi_prob_3_mod_budget_035	33	31	3500	16	0.500000	-0.342381	-0.325000	0.053480	0.000000	7204.040000	118.009000	7322.049000	1107	0	349	16	-0.325000	0.000000	945	404	2	0.050000	800.000000
tsi_prob_3_mod_budget_035_D1_md075_US2_USpar5	tsi_prob_3_mod_budget_035	33	31	3500	24	0.750000	-0.342381	-0.332000	0.031268	0.000000	7202.935000	168.555000	7371.490000	964	0	228	24	-0.332000	0.000000	868	311	2	0.050000	800.000000
tsi_prob_3_mod_budget_040_D1_md025_US2_USpar5	tsi_prob_3_mod_budget_040	33	31	4000	8	0.250000	-0.408602	-0.350000	0.167435	0.000000	7203.909000	121.391000	7325.300000	1771	0	774	8	-0.350000	0.000000	474	312	2	0.050000	800.000000
tsi_prob_3_mod_budget_040_D1_md050_US2_USpar5	tsi_prob_3_mod_budget_040	33	31	4000	16	0.500000	-0.408602	-0.375000	0.089606	0.000000	7201.382000	79.183000	7280.565000	1616	0	724	16	-0.375000	0.000000	766	208	2	0.050000	800.000000
tsi_prob_3_mod_budget_040_D1_md075_US2_USpar5	tsi_prob_3_mod_budget_040	33	31	4000	24	0.750000	-0.408602	-0.406000	0.006409	0.000000	7211.052000	108.016000	7319.068000	1006	0	307	24	-0.406000	0.000000	929	385	2	0.050000	800.000000
tsi_prob_3_mod_budget_045_D1_md025_US2_USpar5	tsi_prob_3_mod_budget_045	33	31	4500	8	0.250000	-0.471756	-0.450000	0.048346	0.000000	7201.463000	118.201000	7319.664000	4440	0	2011	8	-0.450000	0.000000	346	201	2	0.050000	800.000000
tsi_prob_3_mod_budget_045_D1_md050_US2_USpar5	tsi_prob_3_mod_budget_045	33	31	4500	16	0.500000	-0.471756	-0.458333	0.029285	0.000000	7205.084000	77.737000	7282.821000	2065	0	809	16	-0.458333	0.000000	615	262	2	0.050000	800.000000
tsi_prob_3_mod_budget_045_D1_md075_US2_USpar5	tsi_prob_3_mod_budget_045	33	31	4500	24	0.750000	-0.471756	-0.468182	0.007634	0.000000	7201.090000	103.785000	7304.875000	1296	0	467	24	-0.468182	0.000000	834	408	2	0.050000	800.000000
tsi_prob_3_mod_budget_050_D1_md025_US2_USpar5	tsi_prob_3_mod_budget_050	33	31	5000	8	0.250000	-0.540625	-0.500000	0.081250	0.000000	7201.522000	110.343000	7311.865000	4353	0	1772	8	-0.500000	0.000000	310	131	2	0.050000	800.000000
tsi_prob_3_mod_budget_050_D1_md050_US2_USpar5	tsi_prob_3_mod_budget_050	33	31	5000	16	0.500000	-0.540625	-0.522727	0.034239	0.000000	7201.519000	72.091000	7273.610000	2034	0	760	16	-0.522727	0.000000	834	283	2	0.050000	800.000000
tsi_prob_3_mod_budget_050_D1_md075_US2_USpar5	tsi_prob_3_mod_budget_050	33	31	5000	24	0.750000	-0.540625	-0.540000	0.001157	0.000000	7201.167000	97.381000	7298.548000	2107	0	611	24	-0.540000	0.000000	653	176	2	0.050000	800.000000
tsi_prob_3_mod_budget_055_D1_md025_US2_USpar5	tsi_prob_3_mod_budget_055	33	31	5500	8	0.250000	-0.607143	-0.600000	0.011905	0.000000	7201.516000	141.492000	7343.008000	3432	0	1544	6	-0.600000	0.000000	380	189	2	0.050000	800.000000
tsi_prob_3_mod_budget_055_D1_md050_US2_USpar5	tsi_prob_3_mod_budget_055	33	31	5500	16	0.500000	-0.607143	-0.600000	0.011905	0.000000	7203.386000	91.539000	7294.925000	3560	0	1363	15	-0.600000	0.000000	460	399	2	0.050000	800.000000
tsi_prob_3_mod_budget_055_D1_md075_US2_USpar5	tsi_prob_3_mod_budget_055	33	31	5500	24	0.750000	-0.607143	-0.603125	0.006662	0.000000	7201.910000	130.268000	7332.178000	1360	0	681	24	-0.603125	0.000000	721	483	2	0.050000	800.000000
tsi_prob_3_mod_budget_060_D1_md025_US2_USpar5	tsi_prob_3_mod_budget_060	33	31	6000	8	0.250000	-0.655555	-0.650000	0.008547	0.000000	7200.345000	93.058000	7293.403000	3449	0	1398	6	-0.650000	0.000000	426	107	2	0.050000	800.000000
tsi_prob_3_mod_budget_060_D1_md050_US2_USpar5	tsi_prob_3_mod_budget_060	33	31	6000	16	0.500000	-0.655555	-0.650000	0.008547	0.000000	7202.109000	62.192000	7264.301000	3210	0	1473	14	-0.650000	0.000000	460	139	2	0.050000	800.000000
tsi_prob_3_mod_budget_060_D1_md075_US2_USpar5	tsi_prob_3_mod_budget_060	33	31	6000	24	0.750000	-0.655555	-0.650000	0.008547	0.000000	7208.606000	90.342000	7298.948000	1090	0	418	24	-0.650000	0.000000	804	66	2	0.050000	800.000000
tsi_prob_3_mod_budget_065_D1_md025_US2_USpar5	tsi_prob_3_mod_budget_065	33	31	6500	8	0.250000	-0.701316	-0.700000	0.001880	0.000000	7202.245000	213.990000	7416.235000	3428	0	1576	8	-0.700000	0.000000	412	312	2	0.050000	800.000000
tsi_prob_3_mod_budget_065_D1_md050_US2_USpar5	tsi_prob_3_mod_budget_065	33	31	6500	16	0.500000	-0.701316	-0.700000	0.001880	0.000000	7203.524000	132.252000	7335.776000	2301	0	934	14	-0.700000	0.000000	524	147	2	0.050000	800.000000
tsi_prob_3_mod_budget_065_D1_md075_US2_USpar5	tsi_prob_3_mod_budget_065	33	31	6500	24	0.750000	-0.701316	-0.700000	0.001880	0.000000	7771.700000	206.568000	7978.268000	901	0	178	22	-0.700000	0.000000	755	71	2	0.050000	800.000000
tsi_prob_3_mod_budget_070_D1_md025_US2_USpar5	tsi_prob_3_mod_budget_070	33	31	7000	8	0.250000	-0.762698	-0.750000	0.016931	0.000000	7200.723000	126.740000	7327.463000	2983	0	1314	6	-0.750000	0.000000	296	134	2	0.050000	800.000000
tsi_prob_3_mod_budget_070_D1_md050_US2_USpar5	tsi_prob_3_mod_budget_070	33	31	7000	16	0.500000	-0.762698	-0.750000	0.016931	0.000000	7202.052000	83.534000	7285.586000	4199	0	1943	14	-0.750000	0.000000	315	171	2	0.050000	800.000000
tsi_prob_3_mod_budget_070_D1_md075_US2_USpar5	tsi_prob_3_mod_budget_070	33	31	7000	24	0.750000	-0.762698	-0.761538	0.001523	0.000000	7213.508000	143.153000	7356.661000	968	0	405	24	-0.761538	0.000000	944	395	2	0.050000	800.000000
tsi_prob_3_mod_budget_075_D1_md025_US2_USpar5	tsi_prob_3_mod_budget_075	33	31	7500	8	0.250000	-0.808974	-0.800000	0.011218	0.000000	7201.542000	218.379000	7419.921000	3703	0	1607	8	-0.800000	0.000000	267	227	2	0.050000	800.000000
tsi_prob_3_mod_budget_075_D1_md050_US2_USpar5	tsi_prob_3_mod_budget_075	33	31	7500	16	0.500000	-0.808974	-0.800000	0.011218	0.000000	7201.049000	142.086000	7343.135000	4769	0	1809	16	-0.800000	0.000000	283	170	2	0.050000	800.000000
tsi_prob_3_mod_budget_075_D1_md075_US2_USpar5	tsi_prob_3_mod_budget_075	33	31	7500	24	0.750000	-0.808974	-0.805882	0.003837	0.000000	7201.635000	247.779000	7449.414000	1219	0	305	24	-0.805882	0.000000	763	95	2	0.050000	800.000000
tsi_prob_3_mod_budget_080_D1_md025_US2_USpar5	tsi_prob_3_mod_budget_080	33	31	8000	8	0.250000	-0.850000	-0.850000	0.000000	0.000000	0.035000	300.255000	300.290000	0	0	0	0	-0.850000	0.000000	333	158	2	0.050000	800.000000
tsi_prob_3_mod_budget_080_D1_md050_US2_USpar5	tsi_prob_3_mod_budget_080	33	31	8000	16	0.500000	-0.850000	-0.850000	0.000000	0.000000	0.020000	189.396000	189.416000	0	0	0	0	-0.850000	0.000000	333	158	2	0.050000	800.000000
tsi_prob_3_mod_budget_080_D1_md075_US2_USpar5	tsi_prob_3_mod_budget_080	33	31	8000	24	0.750000	-0.850000	-0.850000	0.000000	0.000000	0.035000	332.210000	332.245000	0	0	0	0	-0.850000	0.000000	333	158	2	0.050000	800.000000
tsi_prob_3_mod_budget_085_D1_md025_US2_USpar5	tsi_prob_3_mod_budget_085	33	31	8500	8	0.250000	-0.900000	-0.900000	0.000000	0.000000	0.113000	343.468000	343.581000	0	0	0	0	-0.900000	0.000000	643	219	2	0.050000	800.000000
tsi_prob_3_mod_budget_085_D1_md050_US2_USpar5	tsi_prob_3_mod_budget_085	33	31	8500	16	0.500000	-0.900000	-0.900000	0.000000	0.000000	0.060000	211.757000	211.817000	0	0	0	0	-0.900000	0.000000	643	219	2	0.050000	800.000000
tsi_prob_3_mod_budget_085_D1_md075_US2_USpar5	tsi_prob_3_mod_budget_085	33	31	8500	24	0.750000	-0.900000	-0.900000	0.000000	0.000000	0.117000	395.562000	395.679000	0	0	0	0	-0.900000	0.000000	643	219	2	0.050000	800.000000
tsi_prob_3_mod_budget_090_D1_md025_US2_USpar5	tsi_prob_3_mod_budget_090	33	31	9000	8	0.250000	-0.950000	-0.950000	0.000000	0.000000	0.084000	245.264000	245.348000	0	0	0	0	-0.950000	0.000000	550	133	2	0.050000	800.000000
tsi_prob_3_mod_budget_090_D1_md050_US2_USpar5	tsi_prob_3_mod_budget_090	33	31	9000	16	0.500000	-0.950000	-0.950000	0.000000	0.000000	0.049000	152.634000	152.683000	0	0	0	0	-0.950000	0.000000	550	133	2	0.050000	800.000000
tsi_prob_3_mod_budget_090_D1_md075_US2_USpar5	tsi_prob_3_mod_budget_090	33	31	9000	24	0.750000	-0.950000	-0.950000	0.000000	0.000000	0.086000	281.361000	281.447000	0	0	0	0	-0.950000	0.000000	550	133	2	0.050000	800.000000
tsi_prob_3_mod_budget_095_D1_md025_US2_USpar5	tsi_prob_3_mod_budget_095	33	31	9500	8	0.250000	-0.954545	-0.950000	0.004785	0.000000	7200.966000	80.481000	7281.447000	6618	0	2841	6	-0.950000	0.000000	351	92	2	0.050000	800.000000
tsi_prob_3_mod_budget_095_D1_md050_US2_USpar5	tsi_prob_3_mod_budget_095	33	31	9500	16	0.500000	-0.954545	-0.950000	0.004785	0.000000	7200.353000	51.105000	7251.458000	7387	0	3285	14	-0.950000	0.000000	339	93	2	0.050000	800.000000
tsi_prob_3_mod_budget_095_D1_md075_US2_USpar5	tsi_prob_3_mod_budget_095	33	31	9500	24	0.750000	-0.954545	-0.950000	0.004785	0.000000	7200.807000	87.663000	7288.470000	3432	0	1613	24	-0.950000	0.000000	338	102	2	0.050000	800.000000
tsi_prob_3_mod_budget_100_D1_md025_US2_USpar5	tsi_prob_3_mod_budget_100	33	31	10000	8	0.250000	-1.000000	-1.000000	0.000000	0.000000	0.005000	12.698000	12.703000	0	0	0	0	-1.000000	0.000000	119	16	2	0.050000	800.000000
tsi_prob_3_mod_budget_100_D1_md050_US2_USpar5	tsi_prob_3_mod_budget_100	33	31	10000	16	0.500000	-1.000000	-1.000000	0.000000	0.000000	0.004000	8.154000	8.158000	0	0	0	0	-1.000000	0.000000	119	16	2	0.050000	800.000000
tsi_prob_3_mod_budget_100_D1_md075_US2_USpar5	tsi_prob_3_mod_budget_100	33	31	10000	24	0.750000	-1.000000	-1.000000	0.000000	0.000000	0.006000	14.841000	14.847000	0	0	0	0	-1.000000	0.000000	119	16	2	0.050000	800.000000
tsi_prob_3_mod_budget_105_D1_md025_US2_USpar5	tsi_prob_3_mod_budget_105	33	31	10500	8	0.250000	-1.000000	-1.000000	0.000000	0.000000	0.006000	11.189000	11.195000	0	0	0	0	-1.000000	0.000000	112	18	2	0.050000	800.000000
tsi_prob_3_mod_budget_105_D1_md050_US2_USpar5	tsi_prob_3_mod_budget_105	33	31	10500	16	0.500000	-1.000000	-1.000000	0.000000	0.000000	0.003000	7.149000	7.152000	0	0	0	0	-1.000000	0.000000	112	18	2	0.050000	800.000000
tsi_prob_3_mod_budget_105_D1_md075_US2_USpar5	tsi_prob_3_mod_budget_105	33	31	10500	24	0.750000	-1.000000	-1.000000	0.000000	0.000000	0.006000	13.115000	13.121000	0	0	0	0	-1.000000	0.000000	112	18	2	0.050000	800.000000
tsi_prob_3_mod_budget_110_D1_md025_US2_USpar5	tsi_prob_3_mod_budget_110	33	31	11000	8	0.250000	-1.000000	-1.000000	0.000000	0.000000	0.007000	13.546000	13.553000	0	0	0	0	-1.000000	0.000000	132	20	2	0.050000	800.000000
tsi_prob_3_mod_budget_110_D1_md050_US2_USpar5	tsi_prob_3_mod_budget_110	33	31	11000	16	0.500000	-1.000000	-1.000000	0.000000	0.000000	0.004000	8.566000	8.570000	0	0	0	0	-1.000000	0.000000	132	20	2	0.050000	800.000000
tsi_prob_3_mod_budget_110_D1_md075_US2_USpar5	tsi_prob_3_mod_budget_110	33	31	11000	24	0.750000	-1.000000	-1.000000	0.000000	0.000000	0.007000	16.019000	16.026000	0	0	0	0	-1.000000	0.000000	132	20	2	0.050000	800.000000
