5400	360
16
40												
120	177											
378	437	212										
293	352	266	209									
293	352	266	177	126								
398	457	372	437	352	352							
313	372	286	372	286	266	209						
313	372	286	372	286	266	177	126					
333	392	306	392	306	286	352	266	266				
333	392	306	392	306	286	352	266	266	126			
353	412	306	412	326	306	372	286	286	266	266		
353	412	326	412	326	306	372	286	286	266	266	126	
373	432	346	432	346	326	392	306	306	286	286	266	266
373	432	346	412	326	326	392	306	326	286	286	266	232	126
0.05
0.10
0.10
0.07
0.05
0.10
0.05
0.06
0.07
0.05
0.07
0.08
0.10
0.05